Tom_X,Tom_Y,Jerry_X,Jerry_Y,Spike_X,Spike_Y
24,0,26,4,24,21
17,1,27,5,24,22
18,1,27,5,24,22
19,1,27,5,24,22
19,1,27,5,24,22
19,1,27,5,24,22
19,1,27,5,24,22
19,2,27,5,24,22
20,2,27,5,24,22
21,2,27,5,24,22
21,1,27,5,24,22
22,1,27,5,24,22
22,0,27,5,24,22
23,0,27,5,24,23
24,0,26,5,24,23
24,0,26,4,24,24
24,0,25,4,25,24
24,0,25,5,25,23
24,0,25,4,24,23
24,0,26,4,24,23
24,0,26,5,24,22
24,0,26,4,24,21
