Tom_X,Tom_Y,Jerry_X,Jerry_Y,Spike_X,Spike_Y
1,20,21,20,21,20
1,20,19,15,22,22
1,20,18,16,21,22
1,20,17,17,22,22
1,20,18,17,21,22
1,20,19,17,22,22
1,20,19,16,21,22
1,20,19,17,22,22
1,20,19,18,21,22
1,20,20,18,21,21
1,20,21,19,21,20
1,20,21,20,21,20
