Tom_X,Tom_Y,Jerry_X,Jerry_Y,Spike_X,Spike_Y
19,28,22,14,6,11
22,26,22,15,5,10
22,27,22,15,5,9
22,27,22,15,5,10
21,27,22,15,5,9
20,27,22,16,5,10
20,28,23,16,6,10
19,28,22,16,5,10
19,28,22,15,5,9
19,28,22,15,5,10
19,28,22,15,6,10
19,28,22,15,7,10
20,28,22,15,6,10
19,28,22,14,6,11
