Tom_X,Tom_Y,Jerry_X,Jerry_Y,Spike_X,Spike_Y
11,24,26,9,18,13
9,28,22,12,17,14
9,27,22,11,17,14
8,27,22,10,17,13
8,28,21,10,17,13
8,27,21,9,17,13
8,28,22,9,17,13
8,27,22,10,17,13
8,26,23,10,17,13
8,25,24,10,17,13
9,25,24,9,17,13
10,25,25,9,17,14
10,26,25,9,17,15
11,26,26,9,17,14
11,25,26,9,18,14
11,24,26,9,18,13
